0  9  4  3  0  
10  10  3  0  
11  11  3  0  
12  12  3  0  
13  13  3  0  
14  14  3  0  
15  15  3  0  
16  16  3  0  
17  17  3  0  
18  18  3  0  
19  19  3  0  
20  20  3  0  
21  21  3  0  
22  22  3  0  
23  23  3  0  
24  24  3  0  
25  25  3  0  
26  26  3  0  
27  27  3  0  
28  28  3  0  
29  29  3  0  
30  30  3  0  
31  31  3  0  
32  32  3  0  
33  33  3  0  
34  34  3  0  
35  35  3  0  
36  36  3  0  
37  37  3  0  
38  38  3  0  
39  39  3  0  
40  40  3  0  
41  41  3  0  
42  42  3  0  
43  43  3  0  
44  44  3  0  
45  45  3  0  
46  46  3  0  
47  47  3  0  
48  48  3  0  
49  49  3  0  
50  50  3  0  
51  51  3  0  
52  52  3  0  
53  53  3  0  
54  54  3  0  
55  55  3  0  
56  56  3  0  
57  57  3  0  
58  58  3  0  
59  59  3  0  
60  60  3  0  
61  61  3  0  
62  62  3  0  
63  63  3  0  
64  64  3  0  
65  65  3  0  
66  66  3  0  
67  67  3  0  
68  68  3  0  
69  69  3  0  
70  70  3  0  
71  71  3  0  
72  72  3  0  
73  73  3  0  
74  74  3  0  
75  75  3  0  
76  76  3  0  
77  77  3  0  
78  78  3  0  
79  79  3  0  
80  80  3  0  
81  81  3  0  
82  82  3  0  
83  83  3  0  
84  84  3  0  
85  85  3  0  
86  86  3  0  
87  87  3  0  
88  88  3  0  
89  89  3  0  
90  90  3  0  
91  91  3  0  
92  92  3  0  
93  93  3  0  
94  94  3  0  
95  95  3  0  
96  96  3  0  
97  97  3  0  
98  98  3  0  
99  99  3  0  
100  100  3  0  
101  101  3  0  
102  102  3  0  
103  103  3  0  
104  104  3  0  
105  105  3  0  
106  106  3  0  
107  107  3  0  
108  108  3  0  
109  109  3  0  
110  110  3  0  
111  111  3  0  
112  112  3  0  
113  113  3  0  
114  114  3  0  
115  115  3  0  
116  116  3  0  
117  117  3  0  
118  118  3  0  
119  119  3  0  
120  120  3  0  
121  121  3  0  
122  122  3  0  
123  123  3  0  
124  124  3  0  
125  125  3  0  
126  126  3  0  
127  127  3  0  
128  128  3  0  
129  129  3  0  
130  130  3  0  
131  131  3  0  
132  132  3  0  
133  133  3  0  
134  134  3  0  
135  135  3  0  
136  136  3  0  
137  137  3  0  
138  138  3  0  
139  139  3  0  
140  140  3  0  
141  141  3  0  
142  142  3  0  
143  143  3  0  
144  144  3  0  
145  145  3  0  
146  146  3  0  
147  147  3  0  
148  148  3  0  
149  149  3  0  
150  150  3  0  
151  151  3  0  
152  152  3  0  
153  153  3  0  
154  154  3  0  
155  155  3  0  
156  156  3  0  
157  157  3  0  
158  158  3  0  
159  159  3  0  
160  160  3  0  
161  161  3  0  
162  162  3  0  
163  163  3  0  
164  164  3  0  
165  165  3  0  
166  166  3  0  
167  167  3  0  
168  168  3  0  
169  169  3  0  
170  170  3  0  
171  171  3  0  
172  172  3  0  
173  173  3  0  
174  174  3  0  
175  175  3  0  
176  176  3  0  
177  177  3  0  
178  178  3  0  
179  179  3  0  
180  180  3  0  
181  181  3  0  
182  182  3  0  
183  183  3  0  
184  184  3  0  
185  185  3  0  
186  186  3  0  
187  187  3  0  
188  188  3  0  
189  189  3  0  
190  190  3  0  
191  191  3  0  
192  192  3  0  
193  193  3  0  
194  194  3  0  
195  195  3  0  
196  196  3  0  
197  197  3  0  
198  198  3  0  
199  199  3  0  
200  200  3  0  
201  201  3  0  
202  202  3  0  
203  203  3  0  
204  204  3  0  
205  205  3  0  
206  206  3  0  
207  207  3  0  
208  208  3  0  
209  209  3  0  
210  210  3  0  
211  211  3  0  
212  212  3  0  
213  213  3  0  
214  214  3  0  
215  215  3  0  
216  216  3  0  
217  217  3  0  
218  218  3  0  
219  219  3  0  
220  220  3  0  
221  221  3  0  
222  222  3  0  
223  223  3  0  
224  224  3  0  
225  225  3  0  
226  226  3  0  
227  227  3  0  
228  228  3  0  
229  229  3  0  
230  230  3  0  
231  231  3  0  
232  232  3  0  
233  233  3  0  
234  234  3  0  
235  235  3  0  
236  236  3  0  
237  237  3  0  
238  238  3  0  
239  239  3  0  
240  240  3  0  
241  241  3  0  
242  242  3  0  
243  243  3  0  
244  244  3  0  
245  245  3  0  
246  246  3  0  
247  247  3  0  
248  248  3  0  
249  249  3  0  
250  250  3  0  
251  251  3  0  
252  252  3  0  
253  253  3  0  
254  254  3  0  
255  255  3  0  
256  256  3  0  
257  257  3  0  
258  258  3  0  
259  259  3  0  
260  260  3  0  
261  261  3  0  
262  262  3  0  
263  263  3  0  
264  264  3  0  
265  265  3  0  
266  266  3  0  
267  267  3  0  
268  268  3  0  
269  269  3  0  
270  270  3  0  
271  271  3  0  
272  272  3  0  
273  273  3  0  
274  274  3  0  
275  275  3  0  
276  276  3  0  
277  277  3  0  
278  278  3  0  
279  279  3  0  
280  280  3  0  
281  281  3  0  
282  282  3  0  
283  283  3  0  
284  284  3  0  
285  285  3  0  
286  286  3  0  
287  287  3  0  
288  288  3  0  
289  289  3  0  
290  290  3  0  
291  291  3  0  
292  292  3  0  
293  293  3  0  
294  294  3  0  
295  295  3  0  
296  296  3  0  
297  297  3  0  
298  298  3  0  
299  299  3  0  
300  300  3  0  
301  301  3  0  
302  302  3  0  
303  303  3  0  
304  304  3  0  
305  305  3  0  
306  306  3  0  
307  307  3  0  
308  308  3  0  
309  309  3  0  
310  310  3  0  
311  311  3  0  
312  312  3  0  
313  313  3  0  
314  314  3  0  
315  315  3  0  
316  316  3  0  
